     0/999     10.2G   0.09183    0.1316   0.09395    0.3174        29      1024    0.5088    0.2358    0.1697   0.05668   0.06793   0.07984   0.05757
     1/999     10.3G   0.07232    0.1093   0.05129    0.2329       102      1024    0.7499    0.4069    0.4083     0.164   0.04871   0.07546   0.03256
     2/999     10.3G   0.07353    0.1039   0.03467    0.2121        14      1024    0.7561    0.3769    0.4308     0.164   0.07264   0.06814   0.02195
     3/999     10.3G    0.0637       0.1   0.02526     0.189        44      1024    0.8872    0.4573    0.5494    0.2638   0.04763   0.07023     0.017
     4/999     10.3G    0.0487   0.09863   0.02027    0.1676        90      1024    0.7764    0.5944    0.6583     0.319   0.04443   0.06854   0.01479
     5/999     10.3G   0.04329   0.09678   0.01747    0.1575        12      1024    0.8448    0.5849    0.7021    0.4135   0.03301   0.06414    0.0136
     6/999     10.3G   0.04079   0.09159   0.01586    0.1482        18      1024    0.7666    0.7118     0.778    0.4431   0.03518   0.06128   0.01243
     7/999     10.3G   0.03625   0.08866   0.01448    0.1394        19      1024    0.8432    0.7174     0.788    0.5538   0.02933   0.05902   0.01158
     8/999     10.3G   0.03614   0.08522   0.01349    0.1349        53      1024    0.9202    0.7213    0.8004    0.5031   0.02997   0.05893   0.01104
     9/999     10.3G   0.03582   0.08402   0.01278    0.1326        24      1024     0.828    0.7974    0.7854    0.5396   0.03017   0.05628   0.01031
    10/999     10.3G   0.03332   0.07987   0.01207    0.1253        90      1024    0.8651    0.8012    0.8086    0.6079   0.02755   0.05521   0.01002
    11/999     10.3G   0.03286   0.08193   0.01163    0.1264        17      1024    0.8708    0.8234    0.8279    0.6175   0.02749   0.05479  0.009581
    12/999     10.3G   0.03206   0.08016   0.01122    0.1234        65      1024     0.868    0.8082    0.8204    0.5817   0.02707   0.05301   0.00899
    13/999     10.3G    0.0307   0.07748   0.01055    0.1187        32      1024    0.8498    0.8528    0.8225    0.6291   0.02464   0.05166  0.008869
    14/999     10.3G   0.03062   0.07428   0.01022    0.1151        63      1024    0.8473    0.8114    0.8108     0.634   0.02498   0.05173   0.00867
    15/999     10.3G   0.03212   0.07576   0.01022    0.1181        47      1024    0.8434    0.8584    0.8266    0.6396   0.02362   0.05088  0.008681
    16/999     10.3G   0.02921   0.07664  0.009823    0.1157       128      1024    0.8667    0.8639    0.8184    0.6363   0.02319   0.04878  0.008014
    17/999     10.3G   0.02961   0.07347  0.009594    0.1127        65      1024    0.8818    0.8639     0.834    0.6465    0.0237   0.04877  0.008037
    18/999     10.3G   0.02926   0.07444  0.009473    0.1132       127      1024    0.8848     0.824     0.851    0.6523   0.02441    0.0483  0.007827
    19/999     10.3G   0.02921   0.07384  0.009151    0.1122        63      1024    0.9024    0.8583    0.8243    0.6601   0.02244   0.04767  0.007743
    20/999     10.3G   0.02833   0.07015   0.00899    0.1075        78      1024    0.8971    0.8579    0.8335    0.6808   0.02067   0.04549   0.00765
    21/999     10.3G   0.02824   0.07045  0.008689    0.1074        58      1024    0.9091    0.8629    0.8453    0.7041    0.0212   0.04553   0.00736
    22/999     10.3G   0.02705   0.06984  0.008725    0.1056        15      1024    0.9013    0.8692    0.8391     0.668   0.02061    0.0446  0.007277
    23/999     10.3G   0.02738   0.07074  0.008607    0.1067         5      1024    0.9063     0.869    0.8357    0.6859    0.0203   0.04522  0.007181
    24/999     10.3G   0.02538   0.06664  0.008287    0.1003        93      1024    0.8962    0.8692    0.8816    0.7234    0.0202   0.04375  0.006951
    25/999     10.3G   0.02667    0.0668  0.008212    0.1017        57      1024    0.9106    0.8693     0.898    0.7142   0.02216   0.04566  0.006998
    26/999     10.3G   0.02605   0.06753  0.008201    0.1018        51      1024    0.9165    0.8639    0.8487    0.7261   0.01856   0.04222  0.006747
    27/999     10.3G   0.02532   0.06437  0.007974   0.09767        10      1024    0.8533    0.9129    0.8715    0.7222    0.0208     0.044  0.006684
    28/999     10.3G   0.02616   0.06592  0.007902   0.09998        85      1024    0.8685     0.913    0.8867    0.7137   0.01948   0.04263   0.00667
    29/999     10.3G   0.02549   0.06491  0.007777   0.09818        11      1024    0.9215    0.8528    0.8977    0.7572   0.01902   0.04135  0.006611
    30/999     10.3G   0.02594    0.0665  0.007881    0.1003        11      1024    0.8594    0.8912    0.8494    0.6761   0.02081   0.04278  0.006505
    31/999     10.3G    0.0247   0.06349   0.00761    0.0958        48      1024     0.816    0.9347    0.8705    0.7301    0.0185   0.04134  0.006283
    32/999     10.3G   0.02478   0.06394  0.007614   0.09633        27      1024    0.8601    0.9347    0.8993    0.7583     0.018   0.04147  0.006418
    33/999     10.3G   0.02496   0.06316  0.007641   0.09576        58      1024    0.8771    0.9504    0.9137    0.7736   0.01807   0.03972  0.006309
    34/999     10.3G   0.02464   0.06371  0.007362   0.09571        36      1024    0.8386    0.9347    0.9389    0.8102   0.01811   0.04073  0.006174
    35/999     10.3G   0.02481   0.06283  0.007439   0.09508        16      1024    0.8339    0.9501    0.8904    0.7569   0.01819   0.04076  0.006287
    36/999     10.3G   0.02426   0.06267  0.007324   0.09426        44      1024    0.8531    0.9564    0.9129    0.7823   0.01767    0.0401  0.006246
    37/999     10.3G   0.02423   0.06284  0.007341   0.09441        49      1024     0.868    0.9565    0.9195    0.7744   0.01759   0.04034  0.006081
    38/999     10.3G   0.02376    0.0639   0.00704   0.09469        46      1024    0.8711    0.9562    0.9168     0.795   0.01709   0.03967  0.005948
    39/999     10.3G   0.02362   0.06152  0.007023   0.09216        15      1024    0.8824     0.956    0.9251    0.8063   0.01697   0.03876  0.006013
    40/999     10.3G   0.02281   0.05988  0.006936   0.08962        74      1024    0.9022    0.9446    0.9207    0.7868   0.01759   0.03993  0.005854
    41/999     10.3G   0.02329   0.06178  0.006872   0.09194        21      1024    0.8853    0.9376    0.9219    0.7864    0.0171   0.03952  0.005985
    42/999     10.3G   0.02317   0.06095  0.006762   0.09088        47      1024     0.928    0.9397    0.9423    0.8156   0.01713   0.03947  0.005989
    43/999     10.3G   0.02275   0.05949  0.006887   0.08913        20      1024    0.8978    0.9375    0.9275     0.807   0.01608    0.0387   0.00575
    44/999     10.3G   0.02325   0.05963  0.006817    0.0897        95      1024     0.864    0.9378    0.9281     0.785   0.01641   0.03902  0.005932
    45/999     10.3G   0.02176   0.05921  0.006736   0.08771        50      1024    0.8884    0.9508    0.9297    0.7959   0.01645   0.03879   0.00569
    46/999     10.3G    0.0229   0.05985   0.00664   0.08938        37      1024    0.8996    0.9558     0.941    0.8026   0.01644   0.03878  0.005703
    47/999     10.3G   0.02281   0.05952  0.006555   0.08889        36      1024    0.8721    0.9562    0.9317    0.7865   0.01611   0.03852  0.005684
    48/999     10.3G   0.02275   0.05869  0.006487   0.08792        26      1024    0.8824    0.9559    0.9294    0.8098   0.01596   0.03828  0.005616
    49/999     10.3G   0.02243   0.05951  0.006391   0.08834        50      1024    0.8661     0.956     0.938    0.8078   0.01531   0.03816  0.005549
    50/999     10.3G   0.02227   0.06024  0.006467   0.08898         8      1024    0.8931    0.9505    0.9352    0.8179   0.01523   0.03707  0.005597
    51/999     10.3G   0.02121   0.05887  0.006313    0.0864        68      1024    0.9376    0.9119    0.9277    0.8076   0.01508   0.03701  0.005433
    52/999     10.3G   0.02131   0.05864  0.006316   0.08627        54      1024    0.9599    0.8986    0.9355    0.8301   0.01457   0.03668  0.005398
    53/999     10.3G   0.02186   0.05767  0.006296   0.08582        30      1024    0.8692    0.9454    0.9222    0.8105   0.01487   0.03623  0.005376
    54/999     10.3G    0.0223   0.05894  0.006182   0.08742        23      1024    0.8896    0.9212    0.9193     0.816    0.0146   0.03604  0.005353
    55/999     10.3G   0.02212   0.05789  0.006143   0.08615        26      1024    0.9021    0.9506    0.9401    0.8235   0.01532    0.0379  0.005388
    56/999     10.3G   0.02193   0.05751  0.006229   0.08566        46      1024    0.8198    0.9995    0.9437    0.8233   0.01479   0.03689  0.005362
    57/999     10.3G   0.02201   0.05807  0.006094   0.08617        27      1024    0.9314    0.9064    0.9377    0.8242   0.01449   0.03653  0.005336
    58/999     10.3G   0.02195   0.05743  0.006139   0.08552        62      1024    0.8435    0.9998    0.9585    0.8509   0.01499   0.03688  0.005371
    59/999     10.3G   0.02165   0.05769  0.006074   0.08541        95      1024    0.8265    0.9994    0.9424    0.8208    0.0145   0.03618  0.005186
    60/999     10.3G   0.02128   0.05594  0.006047   0.08327        26      1024     0.867    0.9503    0.9206    0.8011    0.0146   0.03642  0.005177
    61/999     10.3G   0.02108   0.05672  0.006011   0.08381        45      1024    0.8736    0.9383    0.9144    0.8032   0.01439   0.03559  0.005232
    62/999     10.3G   0.02113   0.05586  0.005917   0.08291        64      1024    0.8943    0.9431    0.9386    0.8292   0.01431   0.03573  0.005144
    63/999     10.3G   0.02091    0.0574  0.005879   0.08418        75      1024    0.8253    0.9999    0.9295    0.8299   0.01428   0.03578  0.005116
    64/999     10.3G   0.02137   0.05635  0.006072   0.08379        29      1024    0.8959    0.9486    0.9329    0.8266   0.01417   0.03569   0.00516
    65/999     10.3G     0.021     0.057   0.00614   0.08415       107      1024    0.8381    0.9987    0.9453    0.8439   0.01428   0.03631  0.005054
    66/999     10.3G   0.02058   0.05609  0.005917   0.08259        35      1024    0.8775    0.9502    0.9286    0.8235   0.01405   0.03655  0.004974
    67/999     10.3G   0.02084   0.05583  0.005839    0.0825        39      1024    0.8359    0.9995    0.9264    0.8168   0.01421   0.03526  0.004982
    68/999     10.3G   0.02088   0.05625  0.005819   0.08295        15      1024    0.8389    0.9996    0.9287    0.8197   0.01429    0.0362  0.004921
    69/999     10.3G   0.02067   0.05588  0.005748    0.0823        71      1024    0.8318    0.9996    0.9164    0.7918   0.01427   0.03511  0.004949
    70/999     10.3G   0.02066   0.05538  0.005678   0.08171        16      1024    0.8883    0.9451     0.935    0.8404   0.01348   0.03551  0.005067
    71/999     10.3G   0.02077   0.05694  0.005755   0.08347        11      1024    0.8453         1    0.9549    0.8628   0.01345   0.03501  0.004974
    72/999     10.3G   0.01981   0.05521  0.005585   0.08061        55      1024    0.8363    0.9996    0.9215    0.8351   0.01343   0.03496  0.004859
    73/999     10.3G   0.01973   0.05524  0.005526    0.0805        21      1024    0.8428    0.9996     0.937    0.8357   0.01329   0.03415  0.004807
    74/999     10.3G   0.02046   0.05712  0.005632   0.08322        38      1024    0.8421    0.9557    0.9348    0.8253   0.01329   0.03426  0.004934
    75/999     10.3G   0.01989   0.05426  0.005562   0.07972        70      1024    0.8361    0.9991    0.9405    0.8317   0.01426    0.0357  0.004802
    76/999     10.3G   0.02047   0.05454  0.005594   0.08061        27      1024    0.8808    0.9449    0.9302     0.818   0.01345   0.03484  0.004937
    77/999     10.3G   0.01979   0.05565  0.005579   0.08101        30      1024    0.9034    0.9447    0.9324    0.8429   0.01329   0.03401  0.004696
    78/999     10.3G   0.01931   0.05374  0.005473   0.07853        68      1024    0.8296    0.9996    0.9287    0.8211   0.01293   0.03302  0.004671
    79/999     10.3G   0.01935   0.05392  0.005336   0.07861        51      1024    0.8429    0.9997    0.9307    0.8359   0.01315   0.03407  0.004652
    80/999     10.3G   0.02033    0.0547  0.005428   0.08045        15      1024    0.8437    0.9941    0.9306    0.8386   0.01349   0.03487  0.004702
    81/999     10.3G   0.02012   0.05309  0.005386   0.07859        63      1024    0.8523    0.9997     0.932    0.8295   0.01328   0.03363  0.004704
    82/999     10.3G   0.01966   0.05449  0.005337   0.07949        54      1024     0.842    0.9996    0.9264     0.824   0.01319   0.03437  0.004649
    83/999     10.3G   0.01956   0.05257  0.005351   0.07748        19      1024    0.8596    0.9998      0.97    0.8678   0.01305    0.0337  0.004646
    84/999     10.3G   0.01973   0.05416  0.005445   0.07934        53      1024    0.8431    0.9999    0.9508    0.8683   0.01264   0.03277  0.004653
    85/999     10.3G   0.02035   0.05326  0.005392     0.079        42      1024    0.8237    0.9999    0.9152    0.8368   0.01293   0.03412   0.00466
    86/999     10.3G   0.01894   0.05172  0.005339     0.076        24      1024    0.8112         1    0.9218    0.8357   0.01272   0.03319  0.004572
    87/999     10.3G   0.01874   0.05254  0.005269   0.07655       126      1024    0.8492    0.9911    0.9384    0.8464   0.01263   0.03278  0.004533
    88/999     10.3G   0.01977   0.05438  0.005233   0.07939        45      1024    0.8605    0.9838    0.9482    0.8568    0.0127   0.03267  0.004565
    89/999     10.3G   0.01912   0.05229  0.005344   0.07675        51      1024     0.856    0.9883    0.9414    0.8557   0.01248   0.03283  0.004589
    90/999     10.3G      0.02   0.05373  0.005252   0.07898        42      1024    0.8942    0.9943    0.9558    0.8679   0.01261   0.03271  0.004575
    91/999     10.3G   0.01941    0.0525  0.005146   0.07705        27      1024    0.8389    0.9998    0.9326    0.8409   0.01264    0.0333  0.004539
    92/999     10.3G   0.01921   0.05341  0.005181    0.0778        80      1024    0.8229    0.9998    0.9258    0.8434   0.01262   0.03323  0.004497
