      0/99        0G   0.09778   0.09991   0.09858    0.2963        20      1024     0.669    0.1912    0.1775   0.05189   0.07126   0.06627   0.05613
      1/99        0G   0.08972   0.06831    0.0461    0.2041        16      1024    0.7108    0.3264    0.2626   0.04976   0.08946   0.03828   0.02883
      2/99        0G   0.09599   0.05141   0.03114    0.1785        13      1024    0.7698    0.2219    0.1801   0.07978    0.1021   0.03147   0.02375
      3/99        0G   0.09415    0.0569   0.02808    0.1791        28      1024    0.8182    0.3977    0.5275    0.2645   0.08162   0.03351   0.02036
      4/99        0G   0.08125   0.05043   0.02199    0.1537        29      1024    0.8235    0.3967    0.4834    0.2179   0.07295   0.03516   0.01819
      5/99        0G   0.07115   0.05166   0.01963    0.1425         8      1024    0.8574    0.4766    0.4882    0.2215   0.05783   0.03674   0.01719
      6/99        0G   0.05927   0.05241   0.01748    0.1292        17      1024    0.7403    0.4867    0.4874    0.1966   0.05572   0.03578   0.01639
      7/99        0G   0.05254   0.05188   0.01697    0.1214        31      1024    0.8561    0.5164    0.7196     0.379    0.0452   0.03506   0.01571
      8/99        0G   0.05008   0.05199   0.01559    0.1177         5      1024    0.8765    0.5316    0.6606    0.4276   0.03863   0.03471   0.01504
      9/99        0G   0.04223   0.05194    0.0155    0.1097        39      1024    0.5809    0.7927    0.7501    0.4557   0.03902   0.03356    0.0147
     10/99        0G   0.04245   0.04749   0.01505     0.105        31      1024    0.6204    0.7712    0.7053    0.4424   0.04111   0.03497   0.01417
     11/99        0G   0.04217   0.04734   0.01494    0.1045        11      1024    0.7108    0.7939    0.6999    0.4329   0.03845   0.03403    0.0135
     12/99        0G   0.04032   0.04718   0.01328    0.1008        21      1024     0.737    0.8026    0.7682    0.4788   0.03993   0.03337   0.01302
     13/99        0G   0.03792   0.04689   0.01351   0.09832        27      1024    0.7799     0.788    0.7721    0.4644   0.03601   0.03428   0.01273
     14/99        0G   0.03633   0.04775   0.01263    0.0967        16      1024    0.7959    0.7525    0.7641    0.4835   0.03499   0.03345   0.01221
     15/99        0G   0.03607   0.04665   0.01233   0.09504        30      1024    0.8496    0.7085    0.7376    0.5044   0.04021   0.03489   0.01176
     16/99        0G   0.03765   0.04659   0.01178   0.09603        30      1024    0.7282    0.7556    0.7302    0.4997   0.03492   0.03377   0.01183
     17/99        0G   0.03673   0.04525    0.0117   0.09367        16      1024    0.8085    0.7724    0.7323    0.5473   0.03232    0.0326   0.01159
     18/99        0G     0.035   0.04743   0.01092   0.09335        38      1024     0.727     0.755    0.7368    0.5498   0.03259   0.03337   0.01128
     19/99        0G   0.03563   0.04646   0.01145   0.09355        18      1024    0.7904    0.7363    0.7471    0.5275   0.03196   0.03235   0.01111
     20/99        0G   0.03514   0.04584   0.01125   0.09223        33      1024    0.7523    0.7782    0.7829    0.5872   0.03407   0.03355   0.01082
     21/99        0G   0.03442   0.04648   0.01085   0.09176         4      1024    0.7814     0.803    0.7625    0.5728   0.02935   0.03287    0.0107
     22/99        0G   0.03398   0.04531   0.01072   0.09001        16      1024    0.8015    0.8029    0.7834    0.6165   0.03132   0.03237   0.01055
     23/99        0G   0.03118   0.04306   0.01038   0.08463        18      1024    0.7845    0.7727    0.7259     0.537   0.03088   0.03227   0.01022
     24/99        0G   0.03324   0.04408   0.01052   0.08784         9      1024    0.7967    0.7878     0.768    0.5768   0.02964   0.03208   0.01008
     25/99        0G   0.03427   0.04446  0.009938   0.08867        19      1024    0.7534    0.8181    0.7417    0.5799   0.02851   0.03224  0.009921
     26/99        0G   0.03242    0.0445  0.009636   0.08656        22      1024    0.7822    0.7879    0.7408    0.5536   0.03159   0.03178  0.009904
     27/99        0G   0.03272   0.04463  0.009784   0.08714         8      1024    0.8697    0.7423    0.7637    0.5872   0.02885   0.03138  0.009441
     28/99        0G   0.03233   0.04421  0.009506   0.08605        12      1024    0.8415    0.7424     0.775    0.6058   0.02964   0.03217   0.00942
     29/99        0G   0.03219   0.04201   0.00963   0.08382        23      1024      0.91    0.7409    0.8113    0.6072   0.03107   0.03192  0.009108
     30/99        0G   0.02864   0.04109    0.0096   0.07932        13      1024    0.8351    0.7389    0.8285    0.6322   0.02833   0.03051  0.008731
     31/99        0G    0.0309   0.04229  0.009452   0.08264        15      1024    0.5981    0.9636    0.8444    0.6909   0.02894   0.03113  0.008811
     32/99        0G   0.03162   0.04435  0.009071   0.08504        26      1024    0.5738    0.9972    0.8493     0.613   0.03104   0.03187  0.008575
     33/99        0G   0.03008   0.04248  0.009632   0.08219        38      1024    0.8631     0.803    0.8036    0.6395   0.02671   0.03141  0.008337
     34/99        0G   0.02915   0.04198  0.009198   0.08033        15      1024    0.8167    0.8027    0.7897    0.6265   0.02915   0.03294  0.007997
     35/99        0G   0.02949   0.04167  0.009078   0.08024        37      1024    0.7833    0.8029    0.8367    0.6576   0.02752   0.03267  0.007953
     36/99        0G   0.02849   0.04319  0.008593   0.08027        15      1024    0.6918    0.9067    0.8137    0.6609   0.02893   0.03174  0.007853
     37/99        0G   0.03051   0.04419  0.008438   0.08314        25      1024    0.7817    0.7879    0.7872    0.6262    0.0299   0.03305  0.007809
     38/99        0G   0.02936   0.04308  0.008414   0.08085         6      1024    0.5917    0.9392    0.8636    0.6867   0.02792   0.03158  0.007644
     39/99        0G   0.02859    0.0423  0.008456   0.07935         9      1024    0.8083    0.8182    0.8205    0.6606   0.02782   0.03181  0.007525
     40/99        0G   0.02827   0.04196  0.008314   0.07855        33      1024    0.8007    0.7723    0.7806     0.618   0.02643   0.02999  0.007338
     41/99        0G    0.0281   0.04375  0.008286   0.08014         6      1024    0.8154    0.7853    0.7861    0.6272   0.02689   0.03089  0.007327
     42/99        0G   0.02856   0.04248  0.008023   0.07907        39      1024    0.8497    0.8177    0.8114    0.6536   0.02833    0.0305  0.007216
     43/99        0G   0.02868   0.04185  0.007971    0.0785        20      1024    0.8452    0.7874    0.8157    0.6493   0.02766   0.03099  0.007158
     44/99        0G   0.02828   0.04234  0.008112   0.07874        13      1024    0.8284    0.8182    0.8078    0.6687   0.02534    0.0316  0.007048
     45/99        0G   0.02784   0.04274  0.007959   0.07854        36      1024    0.9001    0.7419    0.8177    0.6665   0.02735   0.03123  0.006956
     46/99        0G   0.02653   0.04165  0.007668   0.07584         7      1024    0.8274    0.8025    0.8251    0.6808   0.02553   0.03069  0.006884
     47/99        0G    0.0275   0.03961  0.007457   0.07457        45      1024    0.6464    0.9255    0.8763    0.7315   0.02604   0.03073  0.006862
     48/99        0G   0.02668   0.04163  0.007864   0.07618         6      1024    0.7094    0.9089    0.8559     0.728   0.02481   0.03033  0.006739
     49/99        0G   0.02635   0.04155  0.007648   0.07554        13      1024    0.6559    0.9697    0.9085    0.7505   0.02495   0.02996  0.006705
     50/99        0G   0.02559   0.04033  0.007492   0.07341        28      1024    0.6428    0.9463    0.8709     0.728   0.02499   0.02948  0.006601
     51/99        0G   0.02597   0.04019  0.007236   0.07339         6      1024    0.7101    0.9681    0.8688    0.7112   0.02472   0.02917  0.006469
     52/99        0G   0.02605   0.04075  0.007209   0.07401        24      1024    0.6745    0.8966     0.862    0.7074   0.02514   0.02989  0.006455
     53/99        0G    0.0271   0.04187  0.007081   0.07605        41      1024    0.6289    0.9273    0.8409     0.696   0.02584   0.03048  0.006437
     54/99        0G   0.02562   0.03943   0.00739   0.07243         9      1024    0.6447    0.9455    0.8635    0.7369   0.02442   0.02999  0.006343
     55/99        0G   0.02517   0.03845  0.007264   0.07087         7      1024    0.6741    0.9498    0.8703    0.7252    0.0244   0.03123  0.006259
     56/99        0G    0.0242   0.03775  0.007095   0.06905         5      1024    0.6611    0.9378    0.8531    0.7313   0.02479   0.03063  0.006113
     57/99        0G   0.02527   0.04003  0.006866   0.07217        59      1024    0.6602    0.9998    0.8694    0.7468   0.02404   0.03039  0.006122
     58/99        0G   0.02521   0.03986  0.006863   0.07193        16      1024    0.6712    0.9514    0.8793    0.7587   0.02361    0.0307  0.006144
     59/99        0G   0.02534   0.04024  0.007018   0.07259        23      1024    0.6981    0.9392    0.8955    0.7539   0.02394   0.03082  0.006139
     60/99        0G   0.02478    0.0407  0.007073   0.07256        24      1024    0.7165    0.9928    0.9337    0.8149   0.02445   0.03066  0.006004
     61/99        0G   0.02441   0.03829  0.006813   0.06952        25      1024     0.712    0.9962    0.9312    0.8107   0.02356   0.03095  0.005987
     62/99        0G   0.02322    0.0376   0.00672   0.06753        57      1024    0.7086         1    0.9322    0.7961   0.02244   0.03056  0.005922
     63/99        0G   0.02378   0.04014  0.006765   0.07069        23      1024    0.7153    0.9999    0.9153    0.8063   0.02281   0.02974  0.005822
     64/99        0G   0.02406   0.03896  0.006511   0.06952         4      1024    0.6713    0.9992    0.8934    0.7595   0.02368   0.03033   0.00575
     65/99        0G   0.02386   0.03954  0.006502    0.0699        29      1024    0.7447    0.9737    0.9066    0.7828   0.02281   0.02981  0.005759
     66/99        0G   0.02356   0.03904  0.006389     0.069        41      1024    0.7371    0.9998    0.9146    0.7957   0.02271   0.03042  0.005738
     67/99        0G   0.02231   0.03592  0.006589   0.06482         8      1024    0.7351    0.9998    0.9277    0.7843   0.02272   0.02985  0.005613
     68/99        0G   0.02267   0.03665  0.006326   0.06564        16      1024    0.7378    0.9982    0.9248    0.8057   0.02255   0.02998  0.005541
     69/99        0G   0.02341   0.03645  0.006369   0.06623        33      1024    0.7049         1    0.8984    0.7929   0.02095   0.02879  0.005507
     70/99        0G   0.02247   0.03723  0.006206   0.06591        37      1024    0.7403    0.9985    0.9132     0.802   0.02119   0.02919  0.005456
     71/99        0G   0.02232   0.03594  0.006164   0.06442        33      1024    0.7456         1    0.9272    0.8171   0.02114   0.02824  0.005349
     72/99        0G   0.02223   0.03781  0.006246   0.06628         5      1024    0.7063    0.9998    0.9106     0.799   0.02181   0.02885  0.005357
     73/99        0G   0.02221   0.03779   0.00626   0.06627        14      1024    0.7052    0.9998    0.9125    0.8049   0.02152   0.02878  0.005307
     74/99        0G   0.02226   0.03727  0.005932   0.06547         8      1024    0.7041    0.9964    0.8994    0.7907   0.02099   0.02903  0.005256
     75/99        0G   0.02153   0.03673  0.005939    0.0642         5      1024    0.7368    0.9998    0.9252    0.8229   0.02077   0.02929  0.005216
     76/99        0G    0.0212    0.0381  0.005983   0.06528        26      1024    0.7479         1    0.9269    0.8346   0.02074   0.02913  0.005147
     77/99        0G   0.02095   0.03637   0.00587   0.06318        21      1024    0.7256    0.9998    0.9056    0.8211   0.02092    0.0293  0.005115
     78/99        0G    0.0205   0.03591  0.005896   0.06231        13      1024    0.7367         1    0.9303    0.8291   0.02052   0.02881  0.005034
     79/99        0G   0.02118   0.03464  0.005771   0.06159        28      1024    0.7465    0.9986    0.9406    0.8242   0.02125   0.02876  0.004971
     80/99        0G   0.02096   0.03694  0.005663   0.06357        26      1024    0.7521    0.9998    0.9325     0.825   0.02085   0.02838   0.00491
     81/99        0G   0.02041   0.03585  0.005539   0.06179        47      1024    0.7519    0.9992    0.9319    0.8367   0.02005   0.02852  0.004889
     82/99        0G   0.02059   0.03557  0.005688   0.06185        25      1024    0.7326    0.9985    0.9266    0.8276   0.01981   0.02863  0.004857
     83/99        0G   0.02012   0.03618  0.005541   0.06183         8      1024    0.7106         1    0.8949     0.809   0.01982   0.02848  0.004793
     84/99        0G   0.02004   0.03589  0.005648   0.06158        25      1024    0.6951    0.9998    0.8843     0.796   0.02011   0.02798  0.004735
     85/99        0G   0.02092   0.03572  0.005578   0.06222        13      1024    0.7144    0.9998     0.889    0.8003   0.02017   0.02801  0.004697
     86/99        0G    0.0205   0.03504  0.005647   0.06119        12      1024    0.7145    0.9995    0.8834    0.7964   0.01925   0.02806  0.004667
     87/99        0G   0.01984   0.03419   0.00535   0.05939        25      1024    0.7316         1    0.8838    0.7907   0.01975   0.02778  0.004621
     88/99        0G   0.01919   0.03391  0.005457   0.05856        11      1024    0.7145         1    0.8904    0.7964   0.01946    0.0275  0.004526
     89/99        0G    0.0201   0.03473  0.005663   0.06049        28      1024    0.7687    0.9694    0.9267    0.8389   0.01944    0.0268  0.004482
     90/99        0G   0.02057   0.03565  0.005431   0.06165        19      1024     0.723         1    0.9093    0.8317   0.01924     0.027  0.004463
     91/99        0G   0.02006   0.03464   0.00528   0.05998        42      1024    0.7363         1    0.9169    0.8228   0.01926   0.02661  0.004459
     92/99        0G   0.01988   0.03424  0.005215   0.05934        33      1024    0.7755    0.9392    0.9016    0.8098   0.01855   0.02674  0.004445
     93/99        0G   0.01892   0.03429  0.005299   0.05851        29      1024    0.7102         1    0.9144    0.8389   0.01867   0.02702  0.004395
     94/99        0G   0.01966   0.03359  0.005127   0.05838        32      1024    0.7394    0.9998    0.9191    0.8154   0.01892   0.02707  0.004349
     95/99        0G   0.02005   0.03496  0.004998   0.06001        33      1024    0.7098         1    0.9139    0.8365   0.01869   0.02685  0.004325
     96/99        0G   0.01984    0.0349  0.005343   0.06009        49      1024    0.7693    0.9988    0.9401    0.8436   0.01863   0.02652  0.004311
     97/99        0G   0.01991    0.0343   0.00498   0.05919        34      1024    0.7762    0.9695    0.9327    0.8552   0.01876   0.02615    0.0043
     98/99        0G   0.01949   0.03349   0.00493   0.05791        29      1024    0.7758    0.9979    0.9403     0.849   0.01844   0.02566  0.004258
     99/99        0G    0.0193   0.03372  0.005064   0.05808         8      1024     0.773    0.9998    0.9381    0.8595   0.01813   0.02636  0.004241
